1.00 1.00 20.00 100.00
2.00 2.00 30.00 100.00
3.00 3.00 40.00 100.00
4.00 4.00 50.00 100.00
5.00 5.00 60.00 100.00
6.00 6.00 70.00 100.00
7.00 7.00 80.00 100.00
8.00 8.00 90.00 100.00
9.00 9.00 100.00 100.00
10.00 10.00 110.00 100.00
11.00 11.00 120.00 100.00
12.00 12.00 130.00 100.00
13.00 13.00 140.00 100.00
14.00 14.00 150.00 100.00
15.00 15.00 160.00 100.00
16.00 16.00 170.00 100.00
17.00 17.00 180.00 100.00
18.00 18.00 190.00 100.00
19.00 19.00 200.00 100.00
20.00 20.00 210.00 100.00
21.00 21.00 220.00 100.00
22.00 22.00 230.00 100.00
23.00 23.00 240.00 100.00
24.00 24.00 250.00 100.00
25.00 25.00 260.00 100.00
26.00 26.00 270.00 100.00
27.00 27.00 280.00 100.00
28.00 28.00 290.00 100.00
29.00 29.00 300.00 100.00
30.00 30.00 310.00 100.00
31.00 31.00 320.00 100.00
32.00 32.00 330.00 100.00
33.00 33.00 340.00 100.00
34.00 34.00 350.00 100.00
35.00 35.00 360.00 100.00
36.00 36.00 370.00 100.00
37.00 37.00 380.00 100.00
38.00 38.00 390.00 100.00
39.00 39.00 400.00 100.00
40.00 40.00 410.00 100.00
41.00 41.00 420.00 100.00
42.00 42.00 430.00 100.00
43.00 43.00 440.00 100.00
44.00 44.00 450.00 100.00
45.00 45.00 460.00 100.00
46.00 46.00 470.00 100.00
47.00 47.00 480.00 100.00
48.00 48.00 490.00 100.00
