1,1,0.00,100.00
2,2,8.00,100.00
3,3,16.00,100.00
4,4,24.00,100.00
5,5,32.00,100.00
6,6,40.00,100.00
7,7,48.00,100.00
8,8,56.00,100.00
9,9,64.00,100.00
10,10,72.00,100.00
11,11,80.00,100.00
12,12,88.00,100.00
13,13,96.00,100.00
14,14,104.00,100.00
15,15,112.00,100.00
16,16,120.00,100.00
17,17,128.00,100.00
18,18,136.00,100.00
19,19,144.00,100.00
20,20,152.00,100.00
21,21,160.00,100.00
22,22,168.00,100.00
23,23,176.00,100.00
24,24,184.00,100.00
25,25,192.00,100.00
26,26,200.00,100.00
27,27,208.00,100.00
28,28,216.00,100.00
29,29,224.00,100.00
30,30,232.00,100.00
31,31,240.00,100.00
32,32,248.00,100.00
33,33,256.00,100.00
34,34,264.00,100.00
35,35,272.00,100.00
36,36,280.00,100.00
37,37,288.00,100.00
38,38,296.00,100.00
39,39,304.00,100.00
40,40,312.00,100.00
41,41,320.00,100.00
42,42,328.00,100.00
43,43,336.00,100.00
44,44,344.00,100.00
45,45,352.00,100.00
46,46,360.00,100.00
47,47,368.00,100.00
48,48,376.00,100.00
49,49,384.00,100.00
50,50,392.00,100.00
51,51,400.00,100.00
52,52,408.00,100.00
53,53,416.00,100.00
54,54,424.00,100.00
55,55,432.00,100.00
56,56,440.00,100.00
57,57,448.00,100.00
58,58,456.00,100.00
59,59,464.00,100.00
60,60,472.00,100.00
61,61,480.00,100.00
62,62,488.00,100.00
63,63,496.00,100.00
64,64,504.00,100.00
65,65,512.00,100.00
66,66,520.00,100.00
67,67,528.00,100.00
68,68,536.00,100.00
69,69,544.00,100.00
70,70,552.00,100.00
71,71,560.00,100.00
72,72,568.00,100.00
73,73,576.00,100.00
74,74,584.00,100.00
75,75,592.00,100.00
76,76,600.00,100.00
77,77,608.00,100.00
78,78,616.00,100.00
79,79,624.00,100.00
80,80,632.00,100.00
81,81,640.00,100.00
82,82,648.00,100.00
83,83,656.00,100.00
84,84,664.00,100.00
85,85,672.00,100.00
86,86,680.00,100.00
87,87,688.00,100.00
88,88,696.00,100.00
89,89,704.00,100.00
90,90,712.00,100.00
91,91,720.00,100.00
92,92,728.00,100.00
93,93,736.00,100.00
94,94,744.00,100.00
95,95,752.00,100.00
96,96,760.00,100.00
97,97,768.00,100.00
98,98,776.00,100.00
99,99,784.00,100.00
100,100,792.00,100.00
101,101,800.00,100.00
102,102,808.00,100.00
103,103,816.00,100.00
104,104,824.00,100.00
105,105,832.00,100.00
106,106,840.00,100.00
107,107,848.00,100.00
108,108,856.00,100.00
109,109,864.00,100.00
110,110,872.00,100.00
111,111,880.00,100.00
112,112,888.00,100.00
113,113,896.00,100.00
114,114,904.00,100.00
115,115,912.00,100.00
116,116,920.00,100.00
117,117,928.00,100.00
118,118,936.00,100.00
119,119,944.00,100.00
120,120,952.00,100.00
121,121,960.00,100.00
122,122,968.00,100.00
123,123,976.00,100.00
124,124,984.00,100.00
125,125,992.00,100.00
126,126,1000.00,100.00
127,127,1008.00,100.00
128,128,1016.00,100.00
129,129,1024.00,100.00
130,130,1032.00,100.00
131,131,1040.00,100.00
132,132,1048.00,100.00
133,133,1056.00,100.00
134,134,1064.00,100.00
135,135,1072.00,100.00
136,136,1080.00,100.00
137,137,1088.00,100.00
138,138,1096.00,100.00
139,139,1104.00,100.00
140,140,1112.00,100.00
141,141,1120.00,100.00
142,142,1128.00,100.00
143,143,1136.00,100.00
144,144,1144.00,100.00
145,145,1152.00,100.00
